[symmetry]
x_axis = 8.000000
y_axis = 16.000000


[site]
frame = 21
