[symmetry]
mode = 0
x_axis = 288.000000
y_axis = 12.000000
