[symmetry]
x_axis = 32.000000
y_axis = 32.000000


[preview]
scroll = 60 33
