[symmetry]
mode = 0
x_axis = 34.000000
y_axis = 256.000000


[preview]
zoom = 3.000000
scroll = 172 266
auto_scroll = false
