[symmetry]
x_axis = 12.000000
y_axis = 24.000000
